   75.857757502918361        4.9023409759734120E-002
   69.566475352835155        4.9023409759734106E-002
   63.796962266257907        4.9023409759734113E-002
   58.505945195000578        4.9023409759734113E-002
   53.653739951985180        4.9023409759734120E-002
   49.203953568145089        4.9023409759734113E-002
   45.123211334433719        4.9023409759734106E-002
   41.380906481672540        4.9023409759734106E-002
   37.948970620763482        4.9023409759734113E-002
   34.801663221500377        4.9023409759734106E-002
   31.915378551007624        4.9023409759734113E-002
   29.268468623787879        4.9023409759734120E-002
   26.841080835452278        4.9023409759734113E-002
   24.615009062337666        4.9023409759734120E-002
   22.573557110214466        4.9023409759734113E-002
   20.701413487910418        4.9023409759734120E-002
   18.984536566615041        4.9023409759734113E-002
   17.410049263526087        4.9023409759734120E-002
   15.966142459934147        4.9023409759734106E-002
   14.641986429352771        4.9023409759734113E-002
   13.427649611378641        4.9023409759734113E-002
   12.314024122062168        4.9023409759734120E-002
   11.292757442094159        4.9023409759734113E-002
   10.356189770449864        4.9023409759734113E-002
   9.4972965736242294        4.9023409759734120E-002
   8.7096358995608085        4.9023409759734113E-002
   7.9873000611131388        4.9023409759734113E-002
   7.3248713266504000        4.9023409759734113E-002
   6.7173812854738078        4.9023409759734113E-002
   6.1602735832723789        4.9023409759734120E-002
   5.6493697481230258        4.9023409759734113E-002
   5.1808378507199313        4.9023409759734113E-002
   4.7511637637756161        4.9023409759734099E-002
   4.3571248050308409        4.9023409759734120E-002
   3.9957655661880560        4.9023409759734113E-002
   3.6643757464783322        4.9023409759734099E-002
   3.3604698246069957        4.9023409759734113E-002
   3.0817684166115136        4.9023409759734099E-002
   2.8261811798101588        4.9023409759734113E-002
   2.5917911346159457        4.9023409759734113E-002
   2.3768402866248772        4.9023409759734113E-002
   2.1797164411399050        4.9023409759734113E-002
   1.9989411112356610        4.9023409759734113E-002
   1.8331584286708544        4.9023409759734113E-002
   1.6811249744769594        4.9023409759734099E-002
   1.2965820353826290        4.9023409759734113E-002
   1.0904355455436598        4.9023409759734113E-002
   1.0000000000000002        4.9023409759734113E-002
  0.91706474911493230        4.9023409759734113E-002
  0.84100775406923378        4.9023409759734106E-002
  0.77125856498921430        4.9023409759734120E-002
  0.70729404240457594        4.9023409759734113E-002
  0.64863443354823891        4.9023409759734113E-002
  0.59483977406922151        4.9023409759734113E-002
  0.54550658817037345        4.9023409759734113E-002
  0.50026486242100610        4.9023409759734099E-002
  0.45877527054713624        4.9023409759734113E-002
  0.42072662838444419        4.9023409759734106E-002
  0.38583355990535162        4.9023409759734113E-002
  0.35383435681472258        4.9023409759734106E-002
  0.32448901566053662        4.9023409759734106E-002
  0.29757743773728135        4.9023409759734113E-002
  0.22950914760242272        4.9023409759734113E-002
  0.21047474886559778        4.9023409759734106E-002
  0.19301897276345761        4.9023409759734113E-002
  0.17701089583174220        4.9023409759734106E-002
  0.16233045277654609        4.9023409759734120E-002
  0.14886753594923660        4.9023409759734120E-002
  0.13652116950664467        4.9023409759734120E-002
  0.12519875206248823        4.9023409759734113E-002
  0.11481536214968839        4.9023409759734120E-002
  0.10529312128434397        4.9023409759734113E-002
   9.6560609854155058E-002   4.9023409759734106E-002
   8.8552331450285571E-002   4.9023409759734106E-002
   7.4473197390598961E-002   4.9023409759734113E-002
   6.8296744080796473E-002   4.9023409759734113E-002
   6.2632536475822287E-002   4.9023409759734120E-002
   5.2674448833190654E-002   4.9023409759734106E-002
   4.8305880203977282E-002   4.9023409759734113E-002
   4.4299619910036406E-002   4.9023409759734113E-002
   4.0625619818684393E-002   4.9023409759734120E-002
   3.1332857243155890E-002   4.9023409759734113E-002
   2.8734258866748748E-002   4.9023409759734106E-002
   2.6351175898638422E-002   4.9023409759734113E-002
   2.4165734514368303E-002   4.9023409759734120E-002
   2.2161543259597228E-002   4.9023409759734113E-002
   2.0323570109362227E-002   4.9023409759734113E-002
   1.7092280052343336E-002   4.9023409759734113E-002
   1.5674727518004392E-002   4.9023409759734113E-002
