   1.9953890548432753       0.22652043146120934     
   2.0027070662376687       0.22367565083550428     
   2.0102305474639866       0.22078558107773674     
   2.0179601361790298       0.21784914656668247     
   2.0258954942118512       0.21486519238879243     
   2.0340349842367731       0.21183256104135179     
   2.0423754095197202       0.20875009977933867     
   2.0509117238865637       0.20561666686543231     
   2.0596367045751554       0.20243113717826733     
   2.0685405489450726       0.19919241327744813     
   2.0776104253860739       0.19589943473468638     
   2.0868299618417976       0.19255118780224240     
   2.0961979749216093       0.18914407399612906     
   2.1056570536838715       0.18568170917285784     
   2.1151913035057017       0.18216120714342568     
   2.1247640166295478       0.17858181678491292     
   2.1343311558887237       0.17494289873081648     
   2.1438402307873519       0.17124394483122582     
   2.1532290259242362       0.16748459924985398     
   2.1624241520156668       0.16366468317148294     
   2.1713394308139922       0.15978421962980005     
   2.1798740599209236       0.15584346354390849     
   2.1879105635223945       0.15184293411246969     
   2.1953124935600181       0.14778345213074115     
   2.2019218606700472       0.14366618294505157     
   2.2075561412183808       0.13949269939879044     
   2.2120119315343345       0.13526450596611231     
   2.2150437101460230       0.13098447122910095     
   2.2163814589233222       0.12665531394211901     
   2.2157160533408735       0.12228047524167393     
   2.2126983429584688       0.11786400124883389     
   2.2069360131233613       0.11341060003444145     
   2.1979901632619954       0.10892575099830398     
   2.1853641712112108       0.10441664319398131     
   2.1685359899716481        9.9889200311646026E-002
   2.1469173695950250        9.5351970549316920E-002
   2.1198852245116009        9.0813677891570965E-002
   2.0867215000611772        8.6288912848043242E-002
   2.0467929984249822        8.1784487250779303E-002
   1.9993359952723564        7.7318725433000696E-002
   1.9436673974672580        7.2906876082213981E-002
   1.8791294361042652        6.8569408162999362E-002
   1.8055385799138828        6.4292525784247267E-002
   1.8286224162208227        4.9397719917316896E-002
   1.6775116838448876        4.9462569759362661E-002
   1.2965256222869843        5.1642937551559048E-002
   1.0502183224377115        4.0030573755237490E-002
  0.93051495711222965        3.7994260538105534E-002
  0.81853441852282516        3.6467990333774916E-002
  0.71814124595279882        3.5502299005282158E-002
  0.63174700787120108        3.5097584483341500E-002
  0.55993088972504046        3.5210746430608363E-002
  0.50205638942930375        3.5793534273513172E-002
  0.45625603479399995        3.6761829628739660E-002
  0.42053772090165231        3.8045851552255192E-002
  0.39297545701415665        3.9582166254172803E-002
  0.37181595884733964        4.1310088233225670E-002
  0.35657300997848651        4.3257226359998562E-002
  0.34293165868869102        4.5115481982103724E-002
  0.33010260345248227        4.6834166944065579E-002
  0.30999054692858236        4.7681922574630706E-002
  0.28611344986884873        4.7965046098706721E-002
  0.22098170374312501        4.8239886333209622E-002
  0.21875680272556092        4.9796679181420542E-002
  0.20081120926711954        4.9750621283169268E-002
  0.17011491952705010        4.8388033905377575E-002
  0.16892579585883083        4.9639579937084517E-002
  0.15535482952586968        4.9630621725848333E-002
  0.14252216158222372        4.9586250558918320E-002
  0.13083332586407637        4.9553259785911193E-002
  0.12003698905421920        4.9515895131767892E-002
  0.11007290835290474        4.9475739746209960E-002
   9.7464067732833323E-002   4.9109022561909355E-002
   8.9355755172054963E-002   4.9099888067646209E-002
   7.4372574861036503E-002   4.9013737356196838E-002
   6.7687437994048680E-002   4.8964516707686284E-002
   6.2069145927090508E-002   4.8968616779351840E-002
   5.3157725138597657E-002   4.9071062576373017E-002
   4.8756324325386687E-002   4.9068151039211277E-002
   4.3896993198448475E-002   4.8983103855277300E-002
   4.1023004391517716E-002   4.9063517450709151E-002
   3.1275743375331087E-002   4.9017481356270785E-002
   2.7744768013632199E-002   4.8919499299074430E-002
   2.6262377738744243E-002   4.9013991496727687E-002
   2.3051857378966676E-002   4.8903647143614185E-002
   2.2398586685566994E-002   4.9049140998945980E-002
   2.0483077166537765E-002   4.9040950589955556E-002
   1.7264648312142798E-002   4.9042894179219303E-002
   1.6042101330288501E-002   4.9065519745004116E-002
