   1.9953890548432753        3.3561764303488975     
   2.0027070662376687        3.3482601015943665     
   2.0102305474639866        3.3402867605428543     
   2.0179601361790298        3.3322558468254866     
   2.0258954942118512        3.3241666557278142     
   2.0340349842367731        3.3160185522400969     
   2.0423754095197202        3.3078109845807733     
   2.0509117238865637        3.2995434977835640     
   2.0596367045751554        3.2912157468875720     
   2.0685405489450726        3.2828275155210327     
   2.0776104253860739        3.2743787329346974     
   2.0868299618417976        3.2658694922309142     
   2.0961979749216093        3.2572997056586837     
   2.1056570536838715        3.2486705628827552     
   2.1151913035057017        3.2399824684903584     
   2.1247640166295478        3.2312364207612267     
   2.1343311558887237        3.2224337147390729     
   2.1438402307873519        3.2135759753060937     
   2.1532290259242362        3.2046651924008600     
   2.1624241520156668        3.1957037594239770     
   2.1713394308139922        3.1866945125918713     
   2.1798740599209236        3.1776407738956021     
   2.1879105635223945        3.1685463953122861     
   2.1953124935600181        3.1594158045593979     
   2.2019218606700472        3.1502540510006090     
   2.2075561412183808        3.1410668538265893     
   2.2120119315343345        3.1318609924523044     
   2.2150437101460230        3.1226432058012010     
   2.2163814589233222        3.1134217667109731     
   2.2157160533408735        3.1042056150234694     
   2.2126983429584688        3.0950046125771049     
   2.2069360131233613        3.0858295801225992     
   2.1979901632619954        3.0766923024489552     
   2.1853641712112108        3.0676061889360464     
   2.1685359899716481        3.0585846031238870     
   2.1469173695950250        3.0496428914310578     
   2.1198852245116009        3.0407971889790293     
   2.0867215000611772        3.0320654301327417     
   2.0467929984249822        3.0234657285209452     
   1.9993359952723564        3.0150178200534667     
   1.9436673974672580        3.0067424979504986     
   1.8791294361042652        2.9986612538099462     
   1.8055385799138828        2.9908069695626938     
   1.8286224162208227        2.9900787021124073     
   1.6775116838448876        2.9797046445196389     
   1.2965256222869843        2.9533959064935371     
   1.0502183224377115        2.9440181699562911     
  0.93051495711222965        2.9387981712095952     
  0.81853441852282516        2.9340339143243219     
  0.71814124595279882        2.9297370218679903     
  0.63174700787120108        2.9259276453367895     
  0.55993088972504046        2.9226284063110928     
  0.50205638942930375        2.9198391743124024     
  0.45625603479399995        2.9175673317956581     
  0.42053772090165231        2.9157988750423551     
  0.39297545701415665        2.9145113025097875     
  0.37181595884733964        2.9136804873506366     
  0.35657300997848651        2.9132283431229946     
  0.34293165868869102        2.9132885720573287     
  0.33010260345248227        2.9138194786436178     
  0.30999054692858236        2.9152225758775452     
  0.28611344986884873        2.9174381448528761     
  0.22098170374312501        2.9279404212996001     
  0.21875680272556092        2.9300047502629076     
  0.20081120926711954        2.9350782388050516     
  0.17011491952705010        2.9443926386316726     
  0.16892579585883083        2.9474021682527738     
  0.15535482952586968        2.9545588944660466     
  0.14252216158222372        2.9626460480441921     
  0.13083332586407637        2.9715544030731516     
  0.12003698905421920        2.9814081015620668     
  0.11007290835290474        2.9922726017198493     
   9.7464067732833323E-002   3.0070640743153949     
   8.9355755172054963E-002   3.0203337066558920     
   7.4372574861036503E-002   3.0515686507913298     
   6.7687437994048680E-002   3.0695749036978008     
   6.2069145927090508E-002   3.0882323847863602     
   5.3157725138597657E-002   3.1276717201869522     
   4.8756324325386687E-002   3.1510202400361864     
   4.3896993198448475E-002   3.1792219383132920     
   4.1023004391517716E-002   3.2032925594630686     
   3.1275743375331087E-002   3.3000454005095277     
   2.7744768013632199E-002   3.3439579129594450     
   2.6262377738744243E-002   3.3756121876942968     
   2.3051857378966676E-002   3.4286823893893175     
   2.2398586685566994E-002   3.4578845465900767     
   2.0483077166537765E-002   3.5059948223750550     
   1.7264648312142798E-002   3.6095850060408052     
   1.6042101330288501E-002   3.6622327046563470     
