  0.22652043146120934        3.3561764303488975     
  0.22367565083550428        3.3482601015943665     
  0.22078558107773674        3.3402867605428543     
  0.21784914656668247        3.3322558468254866     
  0.21486519238879243        3.3241666557278142     
  0.21183256104135179        3.3160185522400969     
  0.20875009977933867        3.3078109845807733     
  0.20561666686543231        3.2995434977835640     
  0.20243113717826733        3.2912157468875720     
  0.19919241327744813        3.2828275155210327     
  0.19589943473468638        3.2743787329346974     
  0.19255118780224240        3.2658694922309142     
  0.18914407399612906        3.2572997056586837     
  0.18568170917285784        3.2486705628827552     
  0.18216120714342568        3.2399824684903584     
  0.17858181678491292        3.2312364207612267     
  0.17494289873081648        3.2224337147390729     
  0.17124394483122582        3.2135759753060937     
  0.16748459924985398        3.2046651924008600     
  0.16366468317148294        3.1957037594239770     
  0.15978421962980005        3.1866945125918713     
  0.15584346354390849        3.1776407738956021     
  0.15184293411246969        3.1685463953122861     
  0.14778345213074115        3.1594158045593979     
  0.14366618294505157        3.1502540510006090     
  0.13949269939879044        3.1410668538265893     
  0.13526450596611231        3.1318609924523044     
  0.13098447122910095        3.1226432058012010     
  0.12665531394211901        3.1134217667109731     
  0.12228047524167393        3.1042056150234694     
  0.11786400124883389        3.0950046125771049     
  0.11341060003444145        3.0858295801225992     
  0.10892575099830398        3.0766923024489552     
  0.10441664319398131        3.0676061889360464     
   9.9889200311646026E-002   3.0585846031238870     
   9.5351970549316920E-002   3.0496428914310578     
   9.0813677891570965E-002   3.0407971889790293     
   8.6288912848043242E-002   3.0320654301327417     
   8.1784487250779303E-002   3.0234657285209452     
   7.7318725433000696E-002   3.0150178200534667     
   7.2906876082213981E-002   3.0067424979504986     
   6.8569408162999362E-002   2.9986612538099462     
   6.4292525784247267E-002   2.9908069695626938     
   4.9397719917316896E-002   2.9900787021124073     
   4.9462569759362661E-002   2.9797046445196389     
   5.1642937551559048E-002   2.9533959064935371     
   4.0030573755237490E-002   2.9440181699562911     
   3.7994260538105534E-002   2.9387981712095952     
   3.6467990333774916E-002   2.9340339143243219     
   3.5502299005282158E-002   2.9297370218679903     
   3.5097584483341500E-002   2.9259276453367895     
   3.5210746430608363E-002   2.9226284063110928     
   3.5793534273513172E-002   2.9198391743124024     
   3.6761829628739660E-002   2.9175673317956581     
   3.8045851552255192E-002   2.9157988750423551     
   3.9582166254172803E-002   2.9145113025097875     
   4.1310088233225670E-002   2.9136804873506366     
   4.3257226359998562E-002   2.9132283431229946     
   4.5115481982103724E-002   2.9132885720573287     
   4.6834166944065579E-002   2.9138194786436178     
   4.7681922574630706E-002   2.9152225758775452     
   4.7965046098706721E-002   2.9174381448528761     
   4.8239886333209622E-002   2.9279404212996001     
   4.9796679181420542E-002   2.9300047502629076     
   4.9750621283169268E-002   2.9350782388050516     
   4.8388033905377575E-002   2.9443926386316726     
   4.9639579937084517E-002   2.9474021682527738     
   4.9630621725848333E-002   2.9545588944660466     
   4.9586250558918320E-002   2.9626460480441921     
   4.9553259785911193E-002   2.9715544030731516     
   4.9515895131767892E-002   2.9814081015620668     
   4.9475739746209960E-002   2.9922726017198493     
   4.9109022561909355E-002   3.0070640743153949     
   4.9099888067646209E-002   3.0203337066558920     
   4.9013737356196838E-002   3.0515686507913298     
   4.8964516707686284E-002   3.0695749036978008     
   4.8968616779351840E-002   3.0882323847863602     
   4.9071062576373017E-002   3.1276717201869522     
   4.9068151039211277E-002   3.1510202400361864     
   4.8983103855277300E-002   3.1792219383132920     
   4.9063517450709151E-002   3.2032925594630686     
   4.9017481356270785E-002   3.3000454005095277     
   4.8919499299074430E-002   3.3439579129594450     
   4.9013991496727687E-002   3.3756121876942968     
   4.8903647143614185E-002   3.4286823893893175     
   4.9049140998945980E-002   3.4578845465900767     
   4.9040950589955556E-002   3.5059948223750550     
   4.9042894179219303E-002   3.6095850060408052     
   4.9065519745004116E-002   3.6622327046563470     
