   75.857757502918361        3.4459823927319584     
   69.566475352835155        3.4365272224511791     
   63.796962266257907        3.4269949699583235     
   58.505945195000578        3.4173846526524936     
   53.653739951985180        3.4076950970690718     
   49.203953568145089        3.3979252030361624     
   45.123211334433719        3.3880739609448138     
   41.380906481672540        3.3781404684578393     
   37.948970620763482        3.3681239464005293     
   34.801663221500377        3.3580237628299550     
   31.915378551007624        3.3478394545267030     
   29.268468623787879        3.3375707497725844     
   26.841080835452278        3.3272159111624040     
   24.615009062337666        3.3167780817162269     
   22.573557110214466        3.3062563776412155     
   20.701413487910418        3.2956515771839427     
   18.984536566615041        3.2849648129182265     
   17.410049263526087        3.2741976136120359     
   15.966142459934147        3.2633519488845124     
   14.641986429352771        3.2524302786845092     
   13.427649611378641        3.2414356035590455     
   12.314024122062168        3.2303715209396100     
   11.292757442094159        3.2192422836224925     
   10.356189770449864        3.2080528620157587     
   9.4972965736242294        3.1968090091049763     
   8.7096358995608085        3.1855173374218357     
   7.9873000611131388        3.1741854673722871     
   7.3248713266504000        3.1628216433057350     
   6.7173812854738078        3.1514355430693621     
   6.1602735832723789        3.1400378458978642     
   5.6493697481230258        3.1286404243381281     
   5.1808378507199313        3.1172564055683738     
   4.7511637637756161        3.1059002266685813     
   4.3571248050308409        3.0945887515012545     
   3.9957655661880560        3.0833381340232671     
   3.6643757464783322        3.0721677563349252     
   3.3604698246069957        3.0610978270148035     
   3.0817684166115136        3.0501531653936604     
   2.8261811798101588        3.0393549176338581     
   2.5917911346159457        3.0287314080684178     
   2.3768402866248772        3.0183104528174969     
   2.1797164411399050        3.0081230368117975     
   1.9989411112356610        2.9981948560105307     
   1.8331584286708544        2.9902596022853798     
   1.6811249744769594        2.9799168933667399     
   1.2965820353826290        2.9546628833726789     
   1.0904355455436598        2.9396668226148219     
   1.0000000000000002        2.9334581370261712     
  0.91706474911493230        2.9279500589705343     
  0.84100775406923378        2.9231790989243516     
  0.77125856498921430        2.9191663921179676     
  0.70729404240457594        2.9159146380673779     
  0.64863443354823891        2.9134013165753871     
  0.59483977406922151        2.9115937837713006     
  0.54550658817037345        2.9104447614263140     
  0.50026486242100610        2.9099013339564883     
  0.45877527054713624        2.9099100918142740     
  0.42072662838444419        2.9104067768527995     
  0.38583355990535162        2.9113742251642010     
  0.35383435681472258        2.9127458322284694     
  0.32448901566053662        2.9145637385363528     
  0.29757743773728135        2.9169174669144708     
  0.22950914760242272        2.9275525881454540     
  0.21047474886559778        2.9303879760228115     
  0.19301897276345761        2.9354395154228046     
  0.17701089583174220        2.9440757275557292     
  0.16233045277654609        2.9477099533864379     
  0.14886753594923660        2.9548631105286240     
  0.13652116950664467        2.9629289526064291     
  0.12519875206248823        2.9718216529091421     
  0.11481536214968839        2.9816574375475868     
  0.10529312128434397        2.9925025337304456     
   9.6560609854155058E-002   3.0071078207993911     
   8.8552331450285571E-002   3.0203729690607974     
   7.4473197390598961E-002   3.0515636312899774     
   6.8296744080796473E-002   3.0695441594910435     
   6.2632536475822287E-002   3.0882036049902557     
   5.2674448833190654E-002   3.1276970691019472     
   4.8305880203977282E-002   3.1510442151300024     
   4.4299619910036406E-002   3.1792001518592619     
   4.0625619818684393E-002   3.2033143980653689     
   3.1332857243155890E-002   3.3000420800581747     
   2.8734258866748748E-002   3.3438989863143598     
   2.6351175898638422E-002   3.3756067997223074     
   2.4165734514368303E-002   3.4286128900074666     
   2.2161543259597228E-002   3.4578995948783340     
   2.0323570109362227E-002   3.5060052096307497     
   1.7092280052343336E-002   3.6095968479122598     
   1.5674727518004392E-002   3.6622586256972429     
