   4.9023409759734120E-002   3.4459823927319584     
   4.9023409759734106E-002   3.4365272224511791     
   4.9023409759734113E-002   3.4269949699583235     
   4.9023409759734113E-002   3.4173846526524936     
   4.9023409759734120E-002   3.4076950970690718     
   4.9023409759734113E-002   3.3979252030361624     
   4.9023409759734106E-002   3.3880739609448138     
   4.9023409759734106E-002   3.3781404684578393     
   4.9023409759734113E-002   3.3681239464005293     
   4.9023409759734106E-002   3.3580237628299550     
   4.9023409759734113E-002   3.3478394545267030     
   4.9023409759734120E-002   3.3375707497725844     
   4.9023409759734113E-002   3.3272159111624040     
   4.9023409759734120E-002   3.3167780817162269     
   4.9023409759734113E-002   3.3062563776412155     
   4.9023409759734120E-002   3.2956515771839427     
   4.9023409759734113E-002   3.2849648129182265     
   4.9023409759734120E-002   3.2741976136120359     
   4.9023409759734106E-002   3.2633519488845124     
   4.9023409759734113E-002   3.2524302786845092     
   4.9023409759734113E-002   3.2414356035590455     
   4.9023409759734120E-002   3.2303715209396100     
   4.9023409759734113E-002   3.2192422836224925     
   4.9023409759734113E-002   3.2080528620157587     
   4.9023409759734120E-002   3.1968090091049763     
   4.9023409759734113E-002   3.1855173374218357     
   4.9023409759734113E-002   3.1741854673722871     
   4.9023409759734113E-002   3.1628216433057350     
   4.9023409759734113E-002   3.1514355430693621     
   4.9023409759734120E-002   3.1400378458978642     
   4.9023409759734113E-002   3.1286404243381281     
   4.9023409759734113E-002   3.1172564055683738     
   4.9023409759734099E-002   3.1059002266685813     
   4.9023409759734120E-002   3.0945887515012545     
   4.9023409759734113E-002   3.0833381340232671     
   4.9023409759734099E-002   3.0721677563349252     
   4.9023409759734113E-002   3.0610978270148035     
   4.9023409759734099E-002   3.0501531653936604     
   4.9023409759734113E-002   3.0393549176338581     
   4.9023409759734113E-002   3.0287314080684178     
   4.9023409759734113E-002   3.0183104528174969     
   4.9023409759734113E-002   3.0081230368117975     
   4.9023409759734113E-002   2.9981948560105307     
   4.9023409759734113E-002   2.9902596022853798     
   4.9023409759734099E-002   2.9799168933667399     
   4.9023409759734113E-002   2.9546628833726789     
   4.9023409759734113E-002   2.9396668226148219     
   4.9023409759734113E-002   2.9334581370261712     
   4.9023409759734113E-002   2.9279500589705343     
   4.9023409759734106E-002   2.9231790989243516     
   4.9023409759734120E-002   2.9191663921179676     
   4.9023409759734113E-002   2.9159146380673779     
   4.9023409759734113E-002   2.9134013165753871     
   4.9023409759734113E-002   2.9115937837713006     
   4.9023409759734113E-002   2.9104447614263140     
   4.9023409759734099E-002   2.9099013339564883     
   4.9023409759734113E-002   2.9099100918142740     
   4.9023409759734106E-002   2.9104067768527995     
   4.9023409759734113E-002   2.9113742251642010     
   4.9023409759734106E-002   2.9127458322284694     
   4.9023409759734106E-002   2.9145637385363528     
   4.9023409759734113E-002   2.9169174669144708     
   4.9023409759734113E-002   2.9275525881454540     
   4.9023409759734106E-002   2.9303879760228115     
   4.9023409759734113E-002   2.9354395154228046     
   4.9023409759734106E-002   2.9440757275557292     
   4.9023409759734120E-002   2.9477099533864379     
   4.9023409759734120E-002   2.9548631105286240     
   4.9023409759734120E-002   2.9629289526064291     
   4.9023409759734113E-002   2.9718216529091421     
   4.9023409759734120E-002   2.9816574375475868     
   4.9023409759734113E-002   2.9925025337304456     
   4.9023409759734106E-002   3.0071078207993911     
   4.9023409759734106E-002   3.0203729690607974     
   4.9023409759734113E-002   3.0515636312899774     
   4.9023409759734113E-002   3.0695441594910435     
   4.9023409759734120E-002   3.0882036049902557     
   4.9023409759734106E-002   3.1276970691019472     
   4.9023409759734113E-002   3.1510442151300024     
   4.9023409759734113E-002   3.1792001518592619     
   4.9023409759734120E-002   3.2033143980653689     
   4.9023409759734113E-002   3.3000420800581747     
   4.9023409759734106E-002   3.3438989863143598     
   4.9023409759734113E-002   3.3756067997223074     
   4.9023409759734120E-002   3.4286128900074666     
   4.9023409759734113E-002   3.4578995948783340     
   4.9023409759734113E-002   3.5060052096307497     
   4.9023409759734113E-002   3.6095968479122598     
   4.9023409759734113E-002   3.6622586256972429     
