           1   28.560749632410783        28.132456521302323        2.0744814004246388        2.0204182110700364     
           2   28.573427461499353        28.151855976173810        2.0687893879156101        2.0156525811598089     
           3   28.586205601025384        28.171469121951166        2.0630509719149108        2.0108526298467981     
           4   28.599085087852867        28.191299753356770        2.0572655608968011        2.0060180197889430     
           5   28.612067193227951        28.211352079366275        2.0514324484355813        2.0011483267481442     
           6   28.625153066113047        28.231630199137285        2.0455509722277698        1.9962431684485384     
           7   28.638343708530332        28.252138059660840        2.0396205244887780        1.9913022127176254     
           8   28.651639951651937        28.272879416772437        2.0336405620116196        1.9863251856657056     
           9   28.665042433000355        28.293857798726762        2.0276106157331188        1.9813118796263185     
          10   28.678551562681978        28.315076445610757        2.0215303052236329        1.9762621643436618     
          11   28.692167493146769        28.336538256326989        2.0153993516250752        1.9711759972266878     
          12   28.705890087310891        28.358245733058460        2.0092175913630959        1.9660534343230105     
          13   28.719721146162719        28.380209663481054        2.0029839785197674        1.9608944228065275     
          14   28.733655873067722        28.402416551748725        1.9967004051931685        1.9556996788554188     
          15   28.747694852227092        28.424874235592629        1.9903663393400117        1.9504694460311958     
          16   28.761836397438127        28.447583054136203        1.9839822494647337        1.9452043252982585     
          17   28.776078310753096        28.470542567875601        1.9775488173767726        1.9399050962729218     
          18   28.790417826553654        28.493751454720321        1.9710669633944455        1.9345727371342685     
          19   28.804851552396801        28.517207398654680        1.9645378732284764        1.9292084458253176     
          20   28.819375403995242        28.540906963573029        1.9579630277680744        1.9238136631732343     
          21   28.833984539856669        28.564845466257609        1.9513442333425455        1.9183900965803067     
          22   28.848673288659942        28.589016829206066        1.9446836556056453        1.9129397458851525     
          23   28.863435074623890        28.613413425445337        1.9379838547407406        1.9074649299779962     
          24   28.878262338868691        28.638025907062911        1.9312478229334866        1.9019683143447574     
          25   28.893146458291721        28.662843017197734        1.9244790234811957        1.8964529387023665     
          26   28.908077649577741        28.687851338072207        1.9176814371279451        1.8909222460036068     
          27   28.923044778608951        28.713036267483922        1.9108596513581169        1.8853803174562873     
          28   28.938035887142362        28.738379018726576        1.9040186292700523        1.8798312098923231     
          29   28.953037115881372        28.763859272061687        1.8971641969277560        1.8742799035600060     
          30   28.968033298933303        28.789453614875121        1.8903027832305141        1.8687317802441286     
          31   28.983007720472123        28.815135586057835        1.8834415354515530        1.8631927767714171     
          32   28.997942048410891        28.840875466370829        1.8765883561521610        1.8576694072338047     
          33   29.012816277406216        28.866639949167173        1.8697519364544859        1.8521687660742712     
          34   29.027607245082208        28.892388368850586        1.8629424284037552        1.8466989257394999     
          35   29.042292869428895        28.918084178153215        1.8561695566820069        1.8412679310805800     
          36   29.056846871754761        28.943680190425223        1.8494449893136251        1.8358850206414967     
          37   29.071242025523773        28.969127790450731        1.8427808918629116        1.8305599077653758     
          38   29.085445085001194        28.994357950881732        1.8361922055669837        1.8253033889399106     
          39   29.099427942680492        29.019325746115893        1.8296916604155826        1.8201263685696092     
          40   29.113153049898578        29.043948590133155        1.8232963076571875        1.8150407276721872     
          41   29.126583765557385        29.068152266334359        1.8170228925961331        1.8100589837662002     
          42   29.139679418815135        29.091845681849389        1.8108900681607021        1.8051940747935875     
          43   29.152406687359722        29.115028956821323        1.8049133033183395        1.8004657956767416     
          44   29.162435433744331        29.161519518231888        1.8001362805757986        1.8000273786716692     
          45   29.175685341169213        29.174610158827733        1.7939099698067773        1.7937821960008227     
          46   29.207590205125161        29.201167640051644        1.7787070557903526        1.7779443357091094     
          47   29.226342591572823        29.248394600236207        1.7696794272141227        1.7722989383136873     
          48   29.233979462526126        29.261030744793711        1.7659417984897552        1.7691564990681763     
          49   29.240674100495198        29.271475340996865        1.7626259355002616        1.7662884164232417     
          50   29.246380067384109        29.279557110231796        1.7597538175524596        1.7637016871645301     
          51   29.251071563290530        29.285248354215984        1.7573381680550164        1.7614084424927474     
          52   29.254747504050691        29.288652866352692        1.7553806121165616        1.7594223005992777     
          53   29.257440608915573        29.289921077928700        1.7538675925783831        1.7577431829360661     
          54   29.259197065685992        29.289305081326443        1.7527794578303231        1.7563755337409861     
          55   29.260082568892894        29.287041553992104        1.7520877463786411        1.7553109227754977     
          56   29.260170196772140        29.283359177044296        1.7517606030418058        1.7545358041108923     
          57   29.259533476313454        29.278480491532928        1.7517658752721930        1.7540356533850832     
          58   29.258260296899117        29.272425703364384        1.7520648796653853        1.7537634625600429     
          59   29.256374977590461        29.265975960139361        1.7526472835488489        1.7537997203785118     
          60   29.253968093635773        29.259346817179079        1.7534729910015385        1.7541193261434580     
          61   29.250983739378984        29.254279512078359        1.7545673705988845        1.7549639906782823     
          62   29.247302061533468        29.249902016245226        1.7559843150825114        1.7562977632014316     
          63   29.231592610319943        29.233516459572652        1.7623866580635634        1.7626201336223593     
          64   29.227357746334228        29.225459185902888        1.7640935615657327        1.7638628596582704     
          65   29.220165564893659        29.218380536115362        1.7671345882845284        1.7669170997606412     
          66   29.208175086832689        29.209733938216242        1.7723335879885489        1.7725243684562668     
          67   29.202933748033317        29.201422215959216        1.7745213919386356        1.7743361052881699     
          68   29.192981260115697        29.191492238394947        1.7788275925382317        1.7786444544685602     
          69   29.181821962751229        29.180442312230095        1.7836832294690703        1.7835129209226035     
          70   29.169570478952792        29.168272280898190        1.7890366350513036        1.7888757506500375     
          71   29.156069654806338        29.154863607862218        1.7949577774036474        1.7948076771403640     
          72   29.141229552087292        29.140122454169159        1.8014865253057282        1.8013481062353491     
          73   29.121349682893143        29.121140293052225        1.8102789081212336        1.8102525727378678     
