           1   6.9370543734701383E-004   5.2622938844725700E-002   3.4440753683589567E-005   3.2651030205920606E-005
           2   7.5360312956296034E-004   5.2425513538561119E-002   3.4344755100529530E-005   3.2568757594677480E-005
           3   8.1856462158018362E-004   5.2221936275444657E-002   3.4247871581629100E-005   3.2485973282750514E-005
           4   8.8900005139109996E-004   5.2011788285040390E-002   3.4150084925079186E-005   3.2402683925714990E-005
           5   9.6534963736477836E-004   5.1794618405913019E-002   3.4051374499870672E-005   3.2318895585586612E-005
           6   1.0480853981339505E-003   5.1569945265233764E-002   3.3951719865344974E-005   3.2234616160741112E-005
           7   1.1377128174244484E-003   5.1337255898537396E-002   3.3851100927339353E-005   3.2149855599379079E-005
           8   1.2347724769150544E-003   5.1096004393365035E-002   3.3749498091257670E-005   3.2064626106311548E-005
           9   1.3398416281081903E-003   5.0845610581553624E-002   3.3646892410203958E-005   3.1978942339604770E-005
          10   1.4535356721543384E-003   5.0585458942752473E-002   3.3543265818689109E-005   3.1892821676804876E-005
          11   1.5765095038466047E-003   5.0314897604525594E-002   3.3438601345457012E-005   3.1806284452443120E-005
          12   1.7094586732427253E-003   5.0033237541466755E-002   3.3332883344971102E-005   3.1719354199776631E-005
          13   1.8531194218819077E-003   4.9739728200478880E-002   3.3226080998386251E-005   3.1632042713064806E-005
          14   2.0082725466355820E-003   4.9433646935078797E-002   3.3118211565697236E-005   3.1544407355328913E-005
          15   2.1757391667847105E-003   4.9114172338345093E-002   3.3009251656659834E-005   3.1456470657292726E-005
          16   2.3563833115118654E-003   4.8780465267618742E-002   3.2899193961537327E-005   3.1368271644979102E-005
          17   2.5511105236735087E-003   4.8431651022156172E-002   3.2788034270502775E-005   3.1279854001734086E-005
          18   2.7608664745918431E-003   4.8066821332661561E-002   3.2675771956307987E-005   3.1191266385440961E-005
          19   2.9866348274962037E-003   4.7685037131605233E-002   3.2562410499911431E-005   3.1102562743241933E-005
          20   3.2294342352258100E-003   4.7285332246663557E-002   3.2447958080741420E-005   3.1013802638172000E-005
          21   3.4903143467171207E-003   4.6866718081285452E-002   3.2332428192901005E-005   3.0925051546988323E-005
          22   3.7703507008297883E-003   4.6428189478652016E-002   3.2215840340535658E-005   3.0836381172355514E-005
          23   4.0706383782264073E-003   4.5968731839790354E-002   3.2098220775339609E-005   3.0747869730557554E-005
          24   4.3922842904521369E-003   4.5487329637688062E-002   3.1979603292494838E-005   3.0659602225051239E-005
          25   4.7363979923226076E-003   4.4982976423806179E-002   3.1860030074845226E-005   3.0571670692818119E-005
          26   5.1040809349148751E-003   4.4454686544998484E-002   3.1739552676845711E-005   3.0484174505427844E-005
          27   5.4964141922494965E-003   4.3901509413657523E-002   3.1618233733805695E-005   3.0397221266270680E-005
          28   5.9144436161164202E-003   4.3322538456781662E-002   3.1496143424700635E-005   3.0310922783700387E-005
          29   6.3591652198005492E-003   4.2716937438724144E-002   3.1373367758167187E-005   3.0225401894883912E-005
          30   6.8315069818769012E-003   4.2083951994397087E-002   3.1250004582011176E-005   3.0140787892282527E-005
          31   7.3323101060470191E-003   4.1422930896958761E-002   3.1126165775059851E-005   3.0057217601451035E-005
          32   7.8623087722885770E-003   4.0733346881520013E-002   3.1001978145577485E-005   2.9974835225703329E-005
          33   8.4221088526757765E-003   4.0014818395406979E-002   3.0877584261539502E-005   2.9893792105960782E-005
          34   9.0121689238732757E-003   3.9267144765336347E-002   3.0753153690627433E-005   2.9814256266480092E-005
          35   9.6327697927671308E-003   3.8490289844955360E-002   3.0628852405764570E-005   2.9736382728340053E-005
          36   1.0284003063629752E-002   3.7684451403073735E-002   3.0504881699249477E-005   2.9660349088188861E-005
          37   1.0965744119901163E-002   3.6850052219289456E-002   3.0381454723016398E-005   2.9586332683630221E-005
          38   1.1677646339050697E-002   3.5987801668045501E-002   3.0258833589218831E-005   2.9514545106920203E-005
          39   1.2419096595354466E-002   3.5098617068035208E-002   3.0137248340795756E-005   2.9445154823820075E-005
          40   1.3189241217183597E-002   3.4183758459007674E-002   3.0017002944389531E-005   2.9378387606793107E-005
          41   1.3986951234554498E-002   3.3244749181346699E-002   2.9898399936904971E-005   2.9314454982385136E-005
          42   1.4810834115713935E-002   3.2283418629017471E-002   2.9781775989966794E-005   2.9253588494650705E-005
          43   1.5659197240524048E-002   3.1301813133031535E-002   2.9667419405063090E-005   2.9195960693837928E-005
          44   1.6539036776427013E-002   3.0318674668804411E-002   2.9572145700567626E-005   2.9157799351609585E-005
          45   1.7425115028784778E-002   2.9293796058023895E-002   2.9453415312637698E-005   2.9097642743122403E-005
          46   2.0199413178069420E-002   2.6190196251955945E-002   2.9152595847509870E-005   2.8974348477471442E-005
          47   2.2099697263435827E-002   2.4098295441804370E-002   2.8969942396698567E-005   2.8910734649304016E-005
          48   2.3060689341211978E-002   2.3060689341211985E-002   2.8891179698288366E-005   2.8891179698288366E-005
          49   2.4023771213580566E-002   2.2031353720776792E-002   2.8819311012530684E-005   2.8878144514513942E-005
          50   2.4986164070899347E-002   2.1013557728072445E-002   2.8754715313097542E-005   2.8871873819192116E-005
          51   2.5945072296917823E-002   2.0010359228262255E-002   2.8697620971010587E-005   2.8872469576948649E-005
          52   2.6897676771024288E-002   1.9024566534669433E-002   2.8648077692916832E-005   2.8879861615688250E-005
          53   2.7841085893954037E-002   1.8058686978192739E-002   2.8605893652029236E-005   2.8893741923526409E-005
          54   2.8772475296466000E-002   1.7115012704762088E-002   2.8570779830676369E-005   2.8913709565079835E-005
          55   2.9689062699954572E-002   1.6195579299428511E-002   2.8542308071731403E-005   2.8939227394572670E-005
          56   3.0588204427313158E-002   1.5302203879535429E-002   2.8519996590558161E-005   2.8969709174515678E-005
          57   3.1467463507535591E-002   1.4436494084101775E-002   2.8503358383553002E-005   2.9004570069072093E-005
          58   3.2324518305517205E-002   1.3599785600831502E-002   2.8491803986698532E-005   2.9043126639816726E-005
          59   3.3157782463449650E-002   1.2793385246440020E-002   2.8485183869864503E-005   2.9085161393191414E-005
          60   3.3965409541356975E-002   1.2018128839014685E-002   2.8482883425061768E-005   2.9129984309353227E-005
          61   3.4747007152965539E-002   1.1275022148215413E-002   2.8485300915003116E-005   2.9177975851923725E-005
          62   3.5503055136440774E-002   1.0564908179347470E-002   2.8493268432197473E-005   2.9229993747123762E-005
          63   3.7621292135922434E-002   8.6344306898172869E-003   2.8553691457375599E-005   2.9413729082155093E-005
          64   3.8254982091958510E-002   8.0517077486629077E-003   2.8568361994724830E-005   2.9465541661682833E-005
          65   3.8884629416767569E-002   7.5054712263122022E-003   2.8604071504073786E-005   2.9537956979313619E-005
          66   3.9529193629817855E-002   6.9970979759204572E-003   2.8673362301545937E-005   2.9644557426817893E-005
          67   4.0081218145631127E-002   6.5064022894158165E-003   2.8696978707951970E-005   2.9700705058516691E-005
          68   4.0649394779052508E-002   6.0513752385853098E-003   2.8753509328179510E-005   2.9790475868023664E-005
          69   4.1202051040381646E-002   5.6249521941053688E-003   2.8818869316711780E-005   2.9888220542828929E-005
          70   4.1739339830932899E-002   5.2257132587449082E-003   2.8892232258326758E-005   2.9993143757011614E-005
          71   4.2264086870052245E-002   4.8525664399109393E-003   2.8974628942174810E-005   3.0106449215138574E-005
          72   4.2778509806764391E-002   4.5042828214471404E-003   2.9066627645747976E-005   3.0228848422870806E-005
          73   4.3321157799959611E-002   4.1831174167521867E-003   2.9193367918839525E-005   3.0387678028073095E-005
          74   4.3824660086300933E-002   3.8807758256582210E-003   2.9308095306382965E-005   3.0532430549042231E-005
          75   4.4836437178182600E-002   3.3391128362619824E-003   2.9580836619609593E-005   3.0865983603109311E-005
          76   4.5348154777404580E-002   3.0971313213687488E-003   2.9739245420591592E-005   3.1055446255606205E-005
          77   4.5852760673646235E-002   2.8718747054092978E-003   2.9903979017587876E-005   3.1251045234599564E-005
          78   4.6846591281511002E-002   2.4676183754673464E-003   3.0253567631684688E-005   3.1662178507915876E-005
          79   4.7373125830759123E-002   2.2884005412685923E-003   3.0461175990258562E-005   3.1902804175179627E-005
          80   4.7954918142536156E-002   2.1243846465312604E-003   3.0712389745355184E-005   3.2190854614078271E-005
          81   4.8467918749475786E-002   1.9690392405190887E-003   3.0926923705331972E-005   3.2438241428920431E-005
          82   5.0289930783384867E-002   1.5757272220039888E-003   3.1790476348891347E-005   3.3421129520180338E-005
          83   5.1044332372300306E-002   1.4667210600660403E-003   3.2182564795618739E-005   3.3863923306766754E-005
          84   5.1617226675292158E-002   1.3601746195205152E-003   3.2464922664991643E-005   3.4185315900985674E-005
          85   5.2486535031576687E-002   1.2683756711521737E-003   3.2938375545975254E-005   3.4718870525899882E-005
          86   5.3009625377591345E-002   1.1747751059805335E-003   3.3198444257151733E-005   3.5015607803302903E-005
          87   5.3794869816045580E-002   1.0933038082304163E-003   3.3626915028271076E-005   3.5499860994709753E-005
          88   5.5451882795315079E-002   9.4779911016724472E-004   3.4547935098480086E-005   3.6541484724442199E-005
          89   5.6283835454350353E-002   8.8223378441513664E-004   3.5015110380822398E-005   3.7070700049227723E-005
