           1   2.0748441616253617        2.0596538673987044        1.5190294226657297E-002
           2   2.0691846667330083        2.0543695617689806        1.4815104964027714E-002
           3   2.0634816321293616        2.0490424791330830        1.4439152996278626E-002
           4   2.0577347105683308        2.0436722122523276        1.4062498316003147E-002
           5   2.0519434592616896        2.0382582681403871        1.3685191121302509E-002
           6   2.0461075001563533        2.0328002109975429        1.3307289158810409E-002
           7   2.0402265316155339        2.0272976729872618        1.2928858628272089E-002
           8   2.0343003397784836        2.0217503648254138        1.2549974953069754E-002
           9   2.0283288094298668        2.0161580860028505        1.2170723427016306E-002
          10   2.0223119397767380        2.0105207394364530        1.1791200340284913E-002
          11   2.0162498586360171        2.0048383447980558        1.1411513837961351E-002
          12   2.0101428373316974        1.9991110525867994        1.1031784744897966E-002
          13   2.0039902941820986        1.9933383236587334        1.0651970523365195E-002
          14   1.9977946157202893        1.9875220902205952        1.0272525499694041E-002
          15   1.9915557954443475        1.9816623223620780        9.8934730822695105E-003
          16   1.9852748589736489        1.9757598670371799        9.5149919364689861E-003
          17   1.9789530770863895        1.9698157990100096        9.1372780763798733E-003
          18   1.9725919908313305        1.9638314449617162        8.7605458696142779E-003
          19   1.9661934378917167        1.9578084089104177        8.3850289812990031E-003
          20   1.9597595813421753        1.9517485999568887        8.0109813852866640E-003
          21   1.9532929382821345        1.9456542601515827        7.6386781305517459E-003
          22   1.9467964113966942        1.9395279951654418        7.2684162312524059E-003
          23   1.9402733210417493        1.9333728056387871        6.9005154029622151E-003
          24   1.9337274386955534        1.9271921199095399        6.5353187860135442E-003
          25   1.9271630210412301        1.9209898274032167        6.1731936380133856E-003
          26   1.9205848501677618        1.9147703172828401        5.8145328849217304E-003
          27   1.9139983155266114        1.9085385858693238        5.4597296572875820E-003
          28   1.9074091742136488        1.9022999340501374        5.1092401635113305E-003
          29   1.9008240283429489        1.8960605118871854        4.7635164557635612E-003
          30   1.8942500536266995        1.8898270155637700        4.4230380629295407E-003
          31   1.8876951022446118        1.8836067980098612        4.0883042347505949E-003
          32   1.8811677257971693        1.8774078936548793        3.7598321422900316E-003
          33   1.8746771934344149        1.8712390363873221        3.4381570470927159E-003
          34   1.8682341479987683        1.8651102580852297        3.1238899135386244E-003
          35   1.8618487010421954        1.8590311882563944        2.8175127858010018E-003
          36   1.8555327859584050        1.8530131580973694        2.5196278610355449E-003
          37   1.8492986950008046        1.8470679041772786        2.2307908235259521E-003
          38   1.8431613402606208        1.8412095143791674        1.9518258814534839E-003
          39   1.8371332515666865        1.8354501943274764        1.6830572392101395E-003
          40   1.8312310939438206        1.8298057348796255        1.4253590641950531E-003
          41   1.8254710291291021        1.8242916753230471        1.1793538060549391E-003
          42   1.8198709198905789        1.8189250837719451        9.4583611863385819E-004
          43   1.8144452338921859        1.8137213594911659        7.2387440102006373E-004
          44   1.8102362679545621        1.8102187669853802        1.7500969181849513E-005
          45   1.8045940115084724        1.8045739790905593        2.0032417913151690E-005
          46   1.7912200832904970        1.7911082987454672        1.1178454502980273E-004
          47   1.7834560374093174        1.7838232267091385       -3.6718929982115789E-004
