           1  0.50364796514569676       -9.5292775840336574E-003
           2  0.49546308199749112       -9.4174805190823108E-003
           3  0.48715158743803411       -9.3025216754263340E-003
           4  0.47871055807480545       -9.1842986553736239E-003
           5  0.47013686802692728       -9.0626998859009156E-003
           6  0.46142739373973246       -8.9376105701219899E-003
           7  0.45257903537150163       -8.8089129154873547E-003
           8  0.44358873494462581       -8.6764863128521164E-003
           9  0.43445349263305039       -8.5402074823051066E-003
          10  0.42517039861640987       -8.3999509158996233E-003
          11  0.41573665989655800       -8.2555892396567465E-003
          12  0.40614962796457810       -8.1069936095246042E-003
          13  0.39639918596931006       -7.9538966957972690E-003
          14  0.38649610269827139       -7.7964006874444713E-003
          15  0.37643233436470475       -7.6342679618943698E-003
          16  0.36620602469157909       -7.4673667240787722E-003
          17  0.35581564603931115       -7.2955668576604182E-003
          18  0.34526005407701010       -7.1187410315323163E-003
          19  0.33453854685921036       -6.9367659574681717E-003
          20  0.32365093390426974       -6.7495239228292370E-003
          21  0.31259760526849723       -6.5569044152562483E-003
          22  0.30137961509327027       -6.3588061442643173E-003
          23  0.28999877143326297       -6.1551393189884784E-003
          24  0.27845773962137638       -5.9458283545126278E-003
          25  0.26676016111796791       -5.7308150828312421E-003
          26  0.25491082855214103       -5.5100633714131320E-003
          27  0.24291432428009369       -5.2835287645103257E-003
          28  0.23077910409650540       -5.0512537673186308E-003
          29  0.21851316495017861       -4.8132683403472321E-003
          30  0.20612653199386585       -4.5696495836384798E-003
          31  0.19363091455183931       -4.3205153151011366E-003
          32  0.18103986030350902       -4.0660296717573985E-003
          33  0.16836905737446342       -3.8064124208192496E-003
          34  0.15563896771870528       -3.5419999489358922E-003
          35  0.14286643222949963       -3.2730625036774263E-003
          36  0.13007563114425527       -3.0000501393794288E-003
          37  0.11729116939331298       -2.7234426062467953E-003
          38  0.10455408601442649       -2.4441217859068054E-003
          39   9.1883421432859116E-002  -2.1624885100157698E-003
          40   7.9330516853124894E-002  -1.8797249497302104E-003
          41   6.6937921593730312E-002  -1.5968464499427348E-003
          42   5.4762717973432393E-002  -1.3152532401186079E-003
          43   4.2765724499631105E-002  -1.0340603578851137E-003
          44   1.0469289262552380E-003  -2.5415409774520725E-005
          45   1.2284226457027548E-003  -3.0064162457765775E-005
          46   7.3305961638877896E-003  -1.8324741995945359E-004
          47  -2.5141353070538136E-002   6.3662924714691371E-004
          48  -3.0830304675886783E-002   7.8560122483573025E-004
          49  -3.5093844417145297E-002   8.9969403732936826E-004
          50  -3.7791844941479177E-002   9.7449292802087584E-004
          51  -3.8923749244933005E-002   1.0091343953830822E-003
          52  -3.8609950493826033E-002   1.0059796130876819E-003
          53  -3.6984841144568757E-002   9.6792857780192421E-004
          54  -3.4282709051230542E-002   9.0071651886303172E-004
          55  -3.0697764704968843E-002   8.0923922190434538E-004
          56  -2.6406541424514297E-002   6.9809076249516266E-004
          57  -2.1578019729224150E-002   5.7178407630553707E-004
          58  -1.6134450748783054E-002   4.2833503212857948E-004
          59  -1.0937112283646749E-002   2.9081869678515559E-004
          60  -6.1282048218447953E-003   1.6317697763357231E-004
          61  -3.7555285266800513E-003   1.0017565488640301E-004
          62  -2.9630530354124111E-003   7.9194088284495479E-005
          63  -2.1937292481036485E-003   5.8955631559332033E-005
          64   2.1653481378512782E-003  -5.8223553764502611E-005
          65   2.0363600600942331E-003  -5.4842660754061967E-005
          66  -1.7789652120730659E-003   4.8024213097352941E-005
          67   1.7253645820044263E-003  -4.6602974093534755E-005
          68   1.7002485593994214E-003  -4.5983835848861787E-005
          69   1.5759618757854256E-003  -4.2674996071134785E-005
          70   1.4835402686829635E-003  -4.0218123178004106E-005
          71   1.3788688830371734E-003  -3.7420476371785583E-005
          72   1.2663832768690796E-003  -3.4402102804254042E-005
          73   2.3967593153889321E-004  -6.5161883711084556E-006
          74   2.1409300915645551E-004  -5.8249553984701663E-006
          75  -2.7072763156329131E-005   7.3767721797679542E-007
          76  -1.6483128890520078E-004   4.4922914033129757E-006
          77  -1.5334417701339556E-004   4.1806155754997576E-006
          78   1.3334018841051998E-004  -3.6364216895456991E-006
          79   1.2518054190285900E-004  -3.4138106448367012E-006
          80  -1.1275661455932894E-004   3.0742788585946812E-006
          81   1.1219043749606084E-004  -3.0579905110350580E-006
          82  -1.6576029313471147E-005   4.5071640109028976E-007
          83  -2.9047251374442282E-004   7.8881616456527581E-006
          84  -2.6324204017502196E-005   7.1401603785048451E-007
          85  -3.3465649093477240E-004   9.0557645355815453E-006
          86   7.1892483210918973E-005  -1.9427291757523335E-006
          87   4.8997734630504858E-005  -1.3207798281733574E-006
          88   5.4400476190681607E-005  -1.4576925182474554E-006
          89   1.1754244930322297E-004  -3.1390265990971500E-006
