           1   6.9189378127849199E-002  0.13805972782772302        3.1845217724732948E-005   2.9489001294198684E-005
           2   6.8173866155062990E-002  0.13653228348148569        3.1798171445786851E-005   2.9465469458840915E-005
           3   6.7145347501769537E-002  0.13497762866814181        3.1750726764749509E-005   2.9441981003150561E-005
           4   6.6103779079055527E-002  0.13339479103231941        3.1702873181771180E-005   2.9418552536246305E-005
           5   6.5049119856137830E-002  0.13178271881899631        3.1654598696193389E-005   2.9395201609581791E-005
           6   6.3981358377647221E-002  0.13014032127912498        3.1605891091785253E-005   2.9371947361150442E-005
           7   6.2900517330883629E-002  0.12846646984266569        3.1556737967960416E-005   2.9348810612007952E-005
           8   6.1806657696674656E-002  0.12675999888435377        3.1507126786269893E-005   2.9325813976089661E-005
           9   6.0699882637748989E-002  0.12501970624411202        3.1457044924050557E-005   2.9302981975166608E-005
          10   5.9580343397830957E-002  0.12324435623848519        3.1406479734111462E-005   2.9280341137331726E-005
          11   5.8448244464519565E-002  0.12143268204499974        3.1355418614018301E-005   2.9257920101702011E-005
          12   5.7303848726998598E-002  0.11958338845235060        3.1303849092527993E-005   2.9235749726171370E-005
          13   5.6146454142353114E-002  0.11769408347222959        3.1251779892170961E-005   2.9213886435983928E-005
          14   5.4978207512546270E-002  0.11576525044768864        3.1199164107654770E-005   2.9192326865139286E-005
          15   5.3798770148057708E-002  0.11379469075647380        3.1146006739239324E-005   2.9171127306997415E-005
          16   5.2608676231477920E-002  0.11178102221915844        3.1092297756926760E-005   2.9150329159297533E-005
          17   5.1408546017292542E-002  0.10972286144364662        3.1038028133933974E-005   2.9129976616903049E-005
          18   5.0199092451475934E-002  0.10761883394648776        3.0983190081960451E-005   2.9110116734632561E-005
          19   4.8981127718516100E-002  0.10546758592601102        3.0927777317652666E-005   2.9090799470185492E-005
          20   4.7755570352259233E-002  0.10326779872300867        3.0871785355778697E-005   2.9072077690891954E-005
          21   4.6523451449069927E-002  0.10101820458892589        3.0815211842102097E-005   2.9054007159260316E-005
          22   4.5285921798746409E-002   9.8717606208694825E-002   3.0758056909259930E-005   2.9036646460452902E-005
          23   4.4044258712720143E-002   9.6364898900073673E-002   3.0700323561933486E-005   2.9020056878712064E-005
          24   4.2799873411032419E-002   9.3959096822026716E-002   3.0642018074466798E-005   2.9004302193649192E-005
          25   4.1554319134506461E-002   9.1499363707529410E-002   3.0583150384391770E-005   2.8989448373285023E-005
          26   4.0309305449422246E-002   8.8985054793119606E-002   3.0523734381352705E-005   2.8975563025501326E-005
          27   3.9066491168128270E-002   8.6415544587080423E-002   3.0463796324413135E-005   2.8962722726446755E-005
          28   3.7828059756932320E-002   8.3790805831620810E-002   3.0403351863372687E-005   2.8950990301921849E-005
          29   3.6596073546038575E-002   8.1110858876834169E-002   3.0342435396226463E-005   2.8940440904624087E-005
          30   3.5372819680778697E-002   7.8376124418633356E-002   3.0281084373804957E-005   2.8931146568104216E-005
          31   3.4160739745507672E-002   7.5587412229120313E-002   3.0219343439193418E-005   2.8923178647760722E-005
          32   3.2962431191080603E-002   7.2745976475696542E-002   3.0157264911220821E-005   2.8916606892387655E-005
          33   3.1780668476803331E-002   6.9853596693904285E-002   3.0094908540920025E-005   2.8911497659445369E-005
          34   3.0618733163005313E-002   6.6913082422308326E-002   3.0032341048936369E-005   2.8907908060189653E-005
          35   2.9479262521099836E-002   6.3926841734827350E-002   2.9969644606625368E-005   2.8905904630006441E-005
          36   2.8365704752864939E-002   6.0898824234729886E-002   2.9906905582425970E-005   2.8905536098654874E-005
          37   2.7281363764751699E-002   5.7833359949423305E-002   2.9844223396645510E-005   2.8906849971913176E-005
          38   2.6231573741040664E-002   5.4737988905869756E-002   2.9781675364219100E-005   2.8909836866129594E-005
          39   2.5218399551875867E-002   5.1616843634263242E-002   2.9719410788555659E-005   2.8914567730887646E-005
          40   2.4248098712238528E-002   4.8480096572295767E-002   2.9657510918812006E-005   2.8920990969252272E-005
          41   2.3325446683438743E-002   4.5336910249960664E-002   2.9596100750748116E-005   2.8929088908191126E-005
          42   2.2456960171527537E-002   4.2199534903738484E-002   2.9535279620427379E-005   2.8938781623525526E-005
          43   2.1635464123872093E-002   3.9063665169993773E-002   2.9475534811962181E-005   2.8950469227706504E-005
          44   1.6686050279411255E-002   3.0512485579119144E-002   2.9567439237364271E-005   2.9151689734665130E-005
          45   1.7597549570073714E-002   2.9520095010838233E-002   2.9447919569622164E-005   2.9090536341342196E-005
          46   2.1226596903194568E-002   2.7520826758949311E-002   2.9120216070055916E-005   2.8932951752478166E-005
          47   1.8557405882449994E-002   1.9489327674662351E-002   2.9080867440893047E-005   2.9053253911312160E-005
          48   1.8710493269349055E-002   1.7410393842076998E-002   2.9027012727359973E-005   2.9065470289948197E-005
          49   1.9064713341669037E-002   1.5605124049427413E-002   2.8973749981559334E-005   2.9075935392315388E-005
          50   1.9638412794667791E-002   1.4103154232898115E-002   2.8920870227781926E-005   2.9084161503808463E-005
          51   2.0430289683808982E-002   1.2906774377688196E-002   2.8868618432063896E-005   2.9090341797285229E-005
          52   2.1421640530750661E-002   1.1994638241753206E-002   2.8817585651437850E-005   2.9095195965697020E-005
          53   2.2591373819737807E-002   1.1342143572185260E-002   2.8768174736894086E-005   2.9099274558144754E-005
          54   2.3903658758629140E-002   1.0906188562280997E-002   2.8721131536740357E-005   2.9103575395385929E-005
          55   2.5328051825147063E-002   1.0651401189426280E-002   2.8676882284746653E-005   2.9108699968022600E-005
          56   2.6836491949505169E-002   1.0546082688513529E-002   2.8635720099867575E-005   2.9115071818310601E-005
          57   2.8402048890231568E-002   1.0560335041350470E-002   2.8597898250410960E-005   2.9123049128591026E-005
          58   3.0033184065912794E-002   1.0709022841620444E-002   2.8562477318494353E-005   2.9131513194362175E-005
          59   3.1604856683032582E-002   1.0838305924930725E-002   2.8533095746740373E-005   2.9144967858243228E-005
          60   3.3095287973359984E-002   1.0924840722015754E-002   2.8509740886908946E-005   2.9163449260258242E-005
          61   3.4213145462022067E-002   1.0605751673919367E-002   2.8501787246647337E-005   2.9198476078178609E-005
          62   3.5080956667644603E-002   1.0037133536879385E-002   2.8506311000622263E-005   2.9246173081014714E-005
          63   3.7305999933114981E-002   8.2439434250606552E-003   2.8563461772527494E-005   2.9425742975112291E-005
          64   3.8566315170888696E-002   8.4366437996899069E-003   2.8558704318824813E-005   2.9453684793808245E-005
          65   3.9178560463982846E-002   7.8674941041173545E-003   2.8594940465983530E-005   2.9526786948217706E-005
          66   3.9270360349944688E-002   6.6804741907290997E-003   2.8681421441094806E-005   2.9654353076669448E-005
          67   4.0332527965520670E-002   6.8132043855741306E-003   2.8689143714266625E-005   2.9691199863311076E-005
          68   4.0898299177286906E-002   6.3537482965854231E-003   2.8745732844633607E-005   2.9781085435503481E-005
          69   4.1434063554702583E-002   5.9052723009514483E-003   2.8811603170910658E-005   2.9879491561083609E-005
          70   4.1959080230655338E-002   5.4896460167742547E-003   2.8885332135150453E-005   2.9984900742619323E-005
          71   4.2469684134034902E-002   5.0979330095332950E-003   2.8968153871273478E-005   3.0098761037517018E-005
          72   4.2968703576633911E-002   4.7296901708339554E-003   2.9060618152858205E-005   3.0221760292390068E-005
          73   4.3357515076396631E-002   4.2257997861332632E-003   2.9192214222071988E-005   3.0386329509270133E-005
          74   4.3857415236174431E-002   3.9189124583227540E-003   2.9307051766199792E-005   3.0531220406972265E-005
          75   4.4832212279162398E-002   3.3342870639178853E-003   2.9580972486487112E-005   3.0866138296954345E-005
          76   4.5322142786912815E-002   3.0677397296465818E-003   2.9740086408276923E-005   3.1056393881587023E-005
          77   4.5828284131771070E-002   2.8445224553630649E-003   2.9904774781415867E-005   3.1251932416476755E-005
          78   4.6868381456654049E-002   2.4914165391637633E-003   3.0252850830798910E-005   3.1661396800582383E-005
          79   4.7393864936153593E-002   2.3107506498606764E-003   3.0460489042506337E-005   3.1902064587920651E-005
          80   4.7935928895753890E-002   2.1042431446982178E-003   3.0713023950511180E-005   3.2191527031224899E-005
          81   4.8487071479721339E-002   1.9890853462444418E-003   3.0926279498232401E-005   3.2437567124670780E-005
          82   5.0286946663822565E-002   1.5727616389866763E-003   3.1790579566642046E-005   3.3421232288130941E-005
          83   5.0990803598564935E-002   1.4147280166708662E-003   3.2184439564512876E-005   3.3865749097088005E-005
          84   5.1612296046960167E-002   1.3554616147491640E-003   3.2465096910736599E-005   3.4185482986460504E-005
          85   5.2422140494739325E-002   1.2084277061848842E-003   3.2940685187258060E-005   3.4721029433713152E-005
          86   5.3023657921388946E-002   1.1876549983380813E-003   3.3197936832608994E-005   3.5015139939200990E-005
          87   5.3804659499462830E-002   1.1020849924467863E-003   3.3626556313857847E-005   3.5499537519417336E-005
          88   5.5463290835892694E-002   9.5755421051578016E-004   3.4547505212526788E-005   3.6541114568212144E-005
          89   5.6309074502714683E-002   9.0331587898731362E-004   3.5014145912635165E-005   3.7069888173618697E-005
